Spectral actinic flux, quanta cm-2 s-1 nm-1
values at z =      0.500 km
Columns: wavelength (nm), times (hrs.) or sza (deg.)
    wc, nm     12.000     14.000     16.000     18.000     20.000
    sza =       1.829     28.200     58.205     88.211    118.216
  120.7000  0.000E+00  0.000E+00  0.000E+00  0.000E+00  0.000E+00
  121.6500  0.000E+00  0.000E+00  0.000E+00  0.000E+00  0.000E+00
  122.1000  0.000E+00  0.000E+00  0.000E+00  0.000E+00  0.000E+00
  122.7000  0.000E+00  0.000E+00  0.000E+00  0.000E+00  0.000E+00
  123.4500  0.000E+00  0.000E+00  0.000E+00  0.000E+00  0.000E+00
  124.2000  0.000E+00  0.000E+00  0.000E+00  0.000E+00  0.000E+00
  125.0000  0.000E+00  0.000E+00  0.000E+00  0.000E+00  0.000E+00
  125.8000  0.000E+00  0.000E+00  0.000E+00  0.000E+00  0.000E+00
  126.6000  0.000E+00  0.000E+00  0.000E+00  0.000E+00  0.000E+00
  127.8000  0.000E+00  0.000E+00  0.000E+00  0.000E+00  0.000E+00
  129.0000  0.000E+00  0.000E+00  0.000E+00  0.000E+00  0.000E+00
  129.8500  0.000E+00  0.000E+00  0.000E+00  0.000E+00  0.000E+00
  131.1500  0.000E+00  0.000E+00  0.000E+00  0.000E+00  0.000E+00
  133.5000  0.000E+00  0.000E+00  0.000E+00  0.000E+00  0.000E+00
  136.0000  0.000E+00  0.000E+00  0.000E+00  0.000E+00  0.000E+00
  141.0000  0.000E+00  0.000E+00  0.000E+00  0.000E+00  0.000E+00
  150.0000  0.000E+00  0.000E+00  0.000E+00  0.000E+00  0.000E+00
  160.0000  0.000E+00  0.000E+00  0.000E+00  0.000E+00  0.000E+00
  167.5000  0.000E+00  0.000E+00  0.000E+00  0.000E+00  0.000E+00
  172.7000  0.000E+00  0.000E+00  0.000E+00  0.000E+00  0.000E+00
  176.2000  0.000E+00  0.000E+00  0.000E+00  0.000E+00  0.000E+00
  177.8000  0.000E+00  0.000E+00  0.000E+00  0.000E+00  0.000E+00
  179.4000  0.000E+00  0.000E+00  0.000E+00  0.000E+00  0.000E+00
  181.0000  0.000E+00  0.000E+00  0.000E+00  0.000E+00  0.000E+00
  182.6500  0.000E+00  0.000E+00  0.000E+00  0.000E+00  0.000E+00
  184.3500  0.000E+00  0.000E+00  0.000E+00  0.000E+00  0.000E+00
  186.0500  0.000E+00  0.000E+00  0.000E+00  0.000E+00  0.000E+00
  187.8000  0.000E+00  0.000E+00  0.000E+00  0.000E+00  0.000E+00
  189.6000  0.000E+00  0.000E+00  0.000E+00  0.000E+00  0.000E+00
  191.4000  1.145E-23  0.000E+00  0.000E+00  0.000E+00  0.000E+00
  193.2500  5.639E-13  4.486E-15  9.234E-22  2.051E-20  0.000E+00
  195.1500  1.056E-09  1.048E-11  8.649E-17  3.531E-16  0.000E+00
  197.0500  4.217E-08  2.582E-10  1.510E-13  4.599E-14  0.000E+00
  199.0000  2.212E-07  1.365E-09  1.746E-12  2.843E-13  0.000E+00
  201.0000  3.946E-07  2.243E-09  4.500E-12  5.572E-13  0.000E+00
  203.0500  1.816E-06  1.121E-08  1.803E-11  1.997E-12  0.000E+00
  205.1500  3.738E-06  2.283E-08  4.120E-11  4.020E-12  0.000E+00
  207.2665  1.573E-05  1.166E-07  1.538E-10  6.076E-12  0.000E+00
  209.4295  7.596E-05  6.452E-07  7.397E-10  3.138E-11  0.000E+00
  211.6460  3.605E-04  3.534E-06  3.373E-09  1.582E-10  0.000E+00
  213.9100  5.124E-04  5.132E-06  3.515E-09  1.867E-10  0.000E+00
  216.2225  4.391E-04  4.323E-06  2.000E-09  1.219E-10  0.000E+00
  218.5855  4.181E-04  3.953E-06  1.190E-09  8.316E-11  0.000E+00
  221.0010  1.173E-04  9.223E-07  1.606E-10  1.265E-11  0.000E+00
  223.4705  1.868E-05  1.099E-07  1.023E-11  8.902E-13  0.000E+00
  225.9960  1.094E-06  4.502E-09  2.115E-13  2.003E-14  0.000E+00
  228.5790  2.378E-08  5.750E-11  1.176E-15  1.193E-16  0.000E+00
  231.2215  1.834E-10  2.260E-13  1.801E-18  1.922E-19  0.000E+00
  233.9260  4.489E-13  2.504E-16  7.109E-22  7.887E-23  0.000E+00
  236.6945  9.290E-16  2.175E-19  0.000E+00  0.000E+00  0.000E+00
  239.5295  2.851E-18  3.083E-22  0.000E+00  0.000E+00  0.000E+00
  242.4330  3.212E-20  0.000E+00  0.000E+00  0.000E+00  0.000E+00
  245.4080  2.299E-23  0.000E+00  0.000E+00  0.000E+00  0.000E+00
  248.4570  0.000E+00  0.000E+00  0.000E+00  0.000E+00  0.000E+00
  251.5825  0.000E+00  0.000E+00  0.000E+00  0.000E+00  0.000E+00
  254.7875  0.000E+00  0.000E+00  0.000E+00  0.000E+00  0.000E+00
  258.0750  0.000E+00  0.000E+00  0.000E+00  0.000E+00  0.000E+00
  261.4490  0.000E+00  0.000E+00  0.000E+00  0.000E+00  0.000E+00
  264.9125  3.907E-21  0.000E+00  0.000E+00  0.000E+00  0.000E+00
  268.4685  1.320E-16  1.658E-20  0.000E+00  0.000E+00  0.000E+00
  272.1215  1.235E-11  7.075E-15  6.787E-21  7.883E-22  0.000E+00
  275.8755  2.342E-06  6.724E-09  3.568E-14  3.995E-15  0.000E+00
  279.7340  1.366E-01  1.745E-03  4.807E-08  5.050E-09  0.000E+00
  283.7020  5.764E+03  2.710E+02  3.493E-02  3.273E-03  0.000E+00
  287.7845  2.255E+07  2.975E+06  1.580E+03  1.182E+02  0.000E+00
  291.9865  1.260E+10  3.537E+09  9.570E+06  3.642E+05  0.000E+00
  296.3090  5.617E+11  2.595E+11  4.828E+09  5.600E+07  0.000E+00
  300.5000  4.727E+12  2.913E+12  2.214E+11  1.107E+09  0.000E+00
  303.0000  1.588E+13  1.099E+13  1.520E+12  5.754E+09  0.000E+00
  304.0000  1.831E+13  1.302E+13  2.085E+12  7.516E+09  0.000E+00
  305.0000  2.671E+13  1.967E+13  3.789E+12  1.305E+10  0.000E+00
  306.0000  2.621E+13  1.975E+13  4.288E+12  1.455E+10  0.000E+00
  307.0000  3.527E+13  2.722E+13  6.710E+12  2.276E+10  0.000E+00
  308.0000  4.306E+13  3.397E+13  9.407E+12  3.275E+10  0.000E+00
  309.0000  4.575E+13  3.654E+13  1.081E+13  3.853E+10  0.000E+00
  310.0000  4.686E+13  3.827E+13  1.276E+13  4.965E+10  0.000E+00
  311.0000  8.023E+13  6.617E+13  2.322E+13  9.493E+10  0.000E+00
  312.0000  7.333E+13  6.129E+13  2.308E+13  1.041E+11  0.000E+00
  313.0000  8.387E+13  7.101E+13  2.865E+13  1.479E+11  0.000E+00
  314.0000  9.250E+13  7.875E+13  3.269E+13  1.787E+11  0.000E+00
  316.0000  9.793E+13  8.495E+13  3.897E+13  2.930E+11  0.000E+00
  320.0000  1.302E+14  1.154E+14  5.916E+13  7.458E+11  0.000E+00
  325.0000  1.714E+14  1.546E+14  8.680E+13  1.926E+12  0.000E+00
  330.0000  2.162E+14  1.969E+14  1.161E+14  3.464E+12  0.000E+00
  335.0000  2.080E+14  1.909E+14  1.167E+14  4.224E+12  0.000E+00
  340.0000  2.276E+14  2.100E+14  1.314E+14  5.172E+12  0.000E+00
  345.0000  2.256E+14  2.090E+14  1.334E+14  5.478E+12  0.000E+00
  350.0000  2.368E+14  2.201E+14  1.427E+14  5.882E+12  0.000E+00
  355.0000  2.515E+14  2.346E+14  1.544E+14  6.481E+12  0.000E+00
  360.0000  2.309E+14  2.160E+14  1.443E+14  6.124E+12  0.000E+00
  365.0000  2.949E+14  2.766E+14  1.872E+14  8.031E+12  0.000E+00
  370.0000  3.079E+14  2.896E+14  1.986E+14  8.597E+12  0.000E+00
  375.0000  2.794E+14  2.635E+14  1.828E+14  7.988E+12  0.000E+00
  380.0000  3.227E+14  3.050E+14  2.140E+14  9.443E+12  0.000E+00
  385.0000  2.444E+14  2.315E+14  1.643E+14  7.319E+12  0.000E+00
  390.0000  3.207E+14  3.044E+14  2.182E+14  9.823E+12  0.000E+00
  395.0000  2.500E+14  2.378E+14  1.721E+14  7.829E+12  0.000E+00
  400.0000  4.664E+14  4.444E+14  3.247E+14  1.493E+13  0.000E+00
  405.0000  4.779E+14  4.562E+14  3.363E+14  1.563E+13  0.000E+00
  410.0000  4.954E+14  4.736E+14  3.521E+14  1.654E+13  0.000E+00
  415.0000  5.188E+14  4.968E+14  3.723E+14  1.768E+13  0.000E+00
  420.0000  5.264E+14  5.048E+14  3.811E+14  1.830E+13  0.000E+00
  425.0000  5.052E+14  4.851E+14  3.689E+14  1.787E+13  0.000E+00
  430.0000  4.685E+14  4.505E+14  3.449E+14  1.690E+13  0.000E+00
  435.0000  5.468E+14  5.264E+14  4.057E+14  2.007E+13  0.000E+00
  440.0000  5.655E+14  5.450E+14  4.225E+14  2.106E+13  0.000E+00
  445.0000  6.108E+14  5.892E+14  4.594E+14  2.309E+13  0.000E+00
  450.0000  6.532E+14  6.308E+14  4.946E+14  2.510E+13  0.000E+00
  455.0000  6.429E+14  6.214E+14  4.898E+14  2.506E+13  0.000E+00
  460.0000  6.650E+14  6.432E+14  5.092E+14  2.600E+13  0.000E+00
  465.0000  6.613E+14  6.402E+14  5.093E+14  2.627E+13  0.000E+00
  470.0000  6.615E+14  6.409E+14  5.121E+14  2.660E+13  0.000E+00
  475.0000  6.730E+14  6.525E+14  5.235E+14  2.732E+13  0.000E+00
  480.0000  6.955E+14  6.747E+14  5.428E+14  2.794E+13  0.000E+00
  485.0000  6.354E+14  6.168E+14  4.980E+14  2.574E+13  0.000E+00
  490.0000  6.658E+14  6.467E+14  5.242E+14  2.738E+13  0.000E+00
  495.0000  6.821E+14  6.629E+14  5.390E+14  2.821E+13  0.000E+00
  500.0000  6.537E+14  6.354E+14  5.176E+14  2.666E+13  0.000E+00
  505.0000  6.669E+14  6.484E+14  5.288E+14  2.654E+13  0.000E+00
  510.0000  6.654E+14  6.473E+14  5.297E+14  2.690E+13  0.000E+00
  515.0000  6.205E+14  6.039E+14  4.955E+14  2.524E+13  0.000E+00
  520.0000  6.414E+14  6.243E+14  5.133E+14  2.600E+13  0.000E+00
  525.0000  6.464E+14  6.293E+14  5.178E+14  2.566E+13  0.000E+00
  530.0000  6.835E+14  6.654E+14  5.474E+14  2.626E+13  0.000E+00
  535.0000  6.659E+14  6.483E+14  5.341E+14  2.539E+13  0.000E+00
  540.0000  6.704E+14  6.529E+14  5.391E+14  2.572E+13  0.000E+00
  545.0000  6.837E+14  6.659E+14  5.504E+14  2.594E+13  0.000E+00
  550.0000  6.894E+14  6.716E+14  5.558E+14  2.603E+13  0.000E+00
  555.0000  6.874E+14  6.698E+14  5.553E+14  2.587E+13  0.000E+00
  560.0000  6.730E+14  6.557E+14  5.434E+14  2.470E+13  0.000E+00
  565.0000  6.768E+14  6.593E+14  5.462E+14  2.416E+13  0.000E+00
  570.0000  6.762E+14  6.587E+14  5.459E+14  2.379E+13  0.000E+00
  575.0000  6.915E+14  6.737E+14  5.590E+14  2.430E+13  0.000E+00
  580.0000  6.851E+14  6.677E+14  5.556E+14  2.476E+13  0.000E+00
  585.0000  6.903E+14  6.732E+14  5.618E+14  2.570E+13  0.000E+00
  590.0000  6.703E+14  6.538E+14  5.466E+14  2.528E+13  0.000E+00
  595.0000  6.870E+14  6.700E+14  5.601E+14  2.553E+13  0.000E+00
  600.0000  6.734E+14  6.566E+14  5.486E+14  2.445E+13  0.000E+00
  605.0000  6.853E+14  6.683E+14  5.592E+14  2.514E+13  0.000E+00
  610.0000  6.819E+14  6.654E+14  5.588E+14  2.620E+13  0.000E+00
  615.0000  6.710E+14  6.552E+14  5.524E+14  2.714E+13  0.000E+00
  620.0000  6.858E+14  6.700E+14  5.668E+14  2.895E+13  0.000E+00
  625.0000  6.760E+14  6.607E+14  5.605E+14  2.956E+13  0.000E+00
  630.0000  6.818E+14  6.667E+14  5.672E+14  3.097E+13  0.000E+00
  635.0000  6.820E+14  6.672E+14  5.694E+14  3.225E+13  0.000E+00
  640.0000  6.791E+14  6.647E+14  5.690E+14  3.345E+13  0.000E+00
  644.8000  6.799E+14  6.657E+14  5.715E+14  3.472E+13  0.000E+00
  651.0500  6.772E+14  6.634E+14  5.711E+14  3.598E+13  0.000E+00
  660.0000  6.505E+14  6.377E+14  5.513E+14  3.657E+13  0.000E+00
  670.0000  6.769E+14  6.640E+14  5.767E+14  4.053E+13  0.000E+00
  680.0000  6.736E+14  6.611E+14  5.765E+14  4.261E+13  0.000E+00
  690.0000  6.726E+14  6.604E+14  5.778E+14  4.464E+13  0.000E+00
  700.0000  6.695E+14  6.577E+14  5.774E+14  4.663E+13  0.000E+00
  710.0000  6.618E+14  6.504E+14  5.724E+14  4.785E+13  0.000E+00
  720.0000  6.478E+14  6.368E+14  5.618E+14  4.847E+13  0.000E+00
  730.0000  6.406E+14  6.298E+14  5.569E+14  4.972E+13  0.000E+00
------------------------------------------------------------
Photolysis rate coefficients, s-1
   1 = O3 -> O2 + O(1D)                                  
   2 = H2O2 -> 2 OH                                      
   3 = NO2 -> NO + O(3P)                                 
   4 = NO3 -> NO + O2                                    
   5 = NO3 -> NO2 + O(3P)                                
   6 = CH2O -> H + HCO                                   
   7 = CH2O -> H2 + CO                                   
values at z =      0.500 km
Columns: time, sza, photo-reactions
time, hrs.  sza, deg.          1          2          3          4          5          6          7
   12.0000      1.829  5.293E-05  1.029E-05  1.196E-02  2.671E-02  2.165E-01  4.601E-05  6.494E-05
   14.0000     28.200  4.014E-05  9.082E-06  1.121E-02  2.606E-02  2.108E-01  3.997E-05  5.864E-05
   16.0000     58.205  1.112E-05  4.812E-06  7.631E-03  2.189E-02  1.740E-01  1.941E-05  3.359E-05
   18.0000     88.211  8.193E-08  1.299E-07  3.241E-04  1.041E-03  8.212E-03  3.396E-07  1.005E-06
   20.0000    118.216  0.000E+00  0.000E+00  0.000E+00  0.000E+00  0.000E+00  0.000E+00  0.000E+00
------------------------------------------------------------
