Spectral Irradiance, W m-2 nm-1
values at z =      0.000 km
Columns: wavelength (nm), times (hrs.) or sza (deg.)
    wc, nm     12.000     14.000     16.000     18.000     20.000
    sza =       1.829     28.200     58.205     88.211    118.216
  280.5000  3.044E-15  4.525E-17  2.253E-26  4.721E-28  0.000E+00
  281.5000  1.165E-13  2.512E-15  7.752E-24  1.385E-25  0.000E+00
  282.5000  1.825E-12  5.417E-14  8.150E-22  1.250E-23  0.000E+00
  283.5000  9.881E-12  3.609E-13  1.527E-20  2.100E-22  0.000E+00
  284.5000  1.280E-10  6.892E-12  1.981E-18  2.205E-20  0.000E+00
  285.5000  5.427E-10  3.825E-11  4.582E-17  4.325E-19  0.000E+00
  286.5000  7.372E-09  6.443E-10  2.325E-15  1.921E-17  0.000E+00
  287.5000  4.935E-08  5.476E-09  6.778E-14  4.817E-16  0.000E+00
  288.5000  2.928E-07  4.209E-08  2.004E-12  1.211E-14  0.000E+00
  289.5000  1.814E-06  3.139E-07  3.927E-11  2.113E-13  0.000E+00
  290.5000  8.037E-06  1.626E-06  4.592E-10  2.241E-12  0.000E+00
  291.5000  2.837E-05  6.851E-06  4.883E-09  2.143E-11  0.000E+00
  292.5000  7.448E-05  2.079E-05  3.163E-08  1.280E-10  0.000E+00
  293.5000  2.331E-04  7.455E-05  2.319E-07  8.734E-10  0.000E+00
  294.5000  4.716E-04  1.679E-04  9.131E-07  3.275E-09  0.000E+00
  295.5000  1.266E-03  5.048E-04  4.979E-06  1.707E-08  0.000E+00
  296.5000  2.335E-03  1.023E-03  1.653E-05  5.515E-08  0.000E+00
  297.5000  4.699E-03  2.236E-03  5.568E-05  1.828E-07  0.000E+00
  298.5000  5.838E-03  2.978E-03  1.068E-04  3.493E-07  0.000E+00
  299.5000  1.354E-02  7.377E-03  3.730E-04  1.226E-06  0.000E+00
  300.5000  1.309E-02  7.497E-03  4.930E-04  1.644E-06  0.000E+00
  301.5000  2.686E-02  1.625E-02  1.421E-03  4.879E-06  0.000E+00
  302.5000  3.422E-02  2.146E-02  2.263E-03  7.993E-06  0.000E+00
  303.5000  5.996E-02  3.922E-02  5.156E-03  1.915E-05  0.000E+00
  304.5000  6.665E-02  4.467E-02  6.669E-03  2.572E-05  0.000E+00
  305.5000  9.020E-02  6.268E-02  1.131E-02  4.704E-05  0.000E+00
  306.5000  9.521E-02  6.722E-02  1.316E-02  5.689E-05  0.000E+00
  307.5000  1.402E-01  1.019E-01  2.333E-02  1.114E-04  0.000E+00
  308.5000  1.582E-01  1.164E-01  2.828E-02  1.416E-04  0.000E+00
  309.5000  1.413E-01  1.060E-01  2.858E-02  1.581E-04  0.000E+00
  310.5000  1.943E-01  1.479E-01  4.291E-02  2.602E-04  0.000E+00
  311.5000  2.516E-01  1.934E-01  5.891E-02  3.823E-04  0.000E+00
  312.5000  2.482E-01  1.939E-01  6.444E-02  4.919E-04  0.000E+00
  313.5000  2.823E-01  2.215E-01  7.515E-02  5.995E-04  0.000E+00
  314.5000  2.847E-01  2.265E-01  8.278E-02  8.068E-04  0.000E+00
  315.5000  2.945E-01  2.350E-01  8.697E-02  8.811E-04  0.000E+00
  316.5000  2.953E-01  2.382E-01  9.337E-02  1.175E-03  0.000E+00
  317.5000  4.175E-01  3.370E-01  1.322E-01  1.662E-03  0.000E+00
  318.5000  3.304E-01  2.693E-01  1.114E-01  1.808E-03  0.000E+00
  319.5000  4.035E-01  3.297E-01  1.378E-01  2.362E-03  0.000E+00
  320.5000  4.916E-01  4.026E-01  1.705E-01  3.126E-03  0.000E+00
  321.5000  4.195E-01  3.467E-01  1.540E-01  3.899E-03  0.000E+00
  322.5000  4.206E-01  3.454E-01  1.481E-01  2.889E-03  0.000E+00
  323.5000  4.356E-01  3.617E-01  1.643E-01  4.878E-03  0.000E+00
  324.5000  5.111E-01  4.243E-01  1.925E-01  5.606E-03  0.000E+00
  325.5000  5.723E-01  4.747E-01  2.139E-01  5.849E-03  0.000E+00
  326.5000  6.946E-01  5.803E-01  2.720E-01  1.033E-02  0.000E+00
  327.5000  6.461E-01  5.388E-01  2.496E-01  8.470E-03  0.000E+00
  328.5000  5.964E-01  4.975E-01  2.308E-01  7.838E-03  0.000E+00
  329.5000  7.741E-01  6.493E-01  3.101E-01  1.371E-02  0.000E+00
  330.5000  7.032E-01  5.888E-01  2.782E-01  1.097E-02  0.000E+00
  331.5000  6.946E-01  5.815E-01  2.743E-01  1.056E-02  0.000E+00
  332.5000  6.844E-01  5.752E-01  2.772E-01  1.301E-02  0.000E+00
  333.5000  6.427E-01  5.395E-01  2.579E-01  1.109E-02  0.000E+00
  334.5000  7.179E-01  6.033E-01  2.899E-01  1.303E-02  0.000E+00
  335.5000  7.276E-01  6.127E-01  2.976E-01  1.475E-02  0.000E+00
  336.5000  5.686E-01  4.787E-01  2.321E-01  1.117E-02  0.000E+00
  337.5000  6.239E-01  5.248E-01  2.529E-01  1.134E-02  0.000E+00
  338.5000  6.584E-01  5.550E-01  2.704E-01  1.346E-02  0.000E+00
  339.5000  7.155E-01  6.034E-01  2.946E-01  1.487E-02  0.000E+00
  340.5000  7.647E-01  6.446E-01  3.138E-01  1.524E-02  0.000E+00
  341.5000  6.790E-01  5.730E-01  2.807E-01  1.439E-02  0.000E+00
  342.5000  7.519E-01  6.349E-01  3.115E-01  1.612E-02  0.000E+00
  343.5000  7.807E-01  6.592E-01  3.231E-01  1.641E-02  0.000E+00
  344.5000  5.470E-01  4.618E-01  2.261E-01  1.124E-02  0.000E+00
  345.5000  7.492E-01  6.332E-01  3.119E-01  1.636E-02  0.000E+00
  346.5000  7.006E-01  5.919E-01  2.909E-01  1.476E-02  0.000E+00
  347.5000  6.842E-01  5.783E-01  2.846E-01  1.449E-02  0.000E+00
  348.5000  7.517E-01  6.357E-01  3.134E-01  1.615E-02  0.000E+00
  349.5000  6.297E-01  5.326E-01  2.628E-01  1.352E-02  0.000E+00
  350.5000  8.814E-01  7.457E-01  3.683E-01  1.899E-02  0.000E+00
  351.5000  7.593E-01  6.425E-01  3.175E-01  1.629E-02  0.000E+00
  352.5000  6.845E-01  5.794E-01  2.866E-01  1.477E-02  0.000E+00
  353.5000  8.237E-01  6.974E-01  3.455E-01  1.790E-02  0.000E+00
  354.5000  8.911E-01  7.548E-01  3.744E-01  1.950E-02  0.000E+00
  355.5000  8.324E-01  7.053E-01  3.501E-01  1.824E-02  0.000E+00
  356.5000  7.722E-01  6.544E-01  3.251E-01  1.693E-02  0.000E+00
  357.5000  6.564E-01  5.564E-01  2.766E-01  1.438E-02  0.000E+00
  358.5000  5.063E-01  4.293E-01  2.136E-01  1.113E-02  0.000E+00
  359.5000  8.518E-01  7.223E-01  3.598E-01  1.875E-02  0.000E+00
  360.5000  7.892E-01  6.694E-01  3.337E-01  1.739E-02  0.000E+00
  361.5000  7.112E-01  6.034E-01  3.011E-01  1.572E-02  0.000E+00
  362.5000  8.349E-01  7.085E-01  3.539E-01  1.849E-02  0.000E+00
  363.5000  7.424E-01  6.302E-01  3.150E-01  1.646E-02  0.000E+00
  364.5000  8.096E-01  6.873E-01  3.438E-01  1.795E-02  0.000E+00
  365.5000  9.861E-01  8.374E-01  4.192E-01  2.187E-02  0.000E+00
  366.5000  1.043E+00  8.861E-01  4.439E-01  2.317E-02  0.000E+00
  367.5000  9.901E-01  8.412E-01  4.218E-01  2.203E-02  0.000E+00
  368.5000  8.695E-01  7.388E-01  3.708E-01  1.936E-02  0.000E+00
  369.5000  1.043E+00  8.861E-01  4.450E-01  2.324E-02  0.000E+00
  370.5000  9.455E-01  8.038E-01  4.040E-01  2.109E-02  0.000E+00
  371.5000  1.081E+00  9.196E-01  4.626E-01  2.415E-02  0.000E+00
  372.5000  7.986E-01  6.792E-01  3.419E-01  1.785E-02  0.000E+00
  373.5000  7.215E-01  6.138E-01  3.092E-01  1.614E-02  0.000E+00
  374.5000  7.916E-01  6.736E-01  3.396E-01  1.772E-02  0.000E+00
  375.5000  8.929E-01  7.599E-01  3.834E-01  2.000E-02  0.000E+00
  376.5000  8.913E-01  7.587E-01  3.831E-01  1.999E-02  0.000E+00
  377.5000  1.061E+00  9.033E-01  4.565E-01  2.381E-02  0.000E+00
  378.5000  1.156E+00  9.844E-01  4.978E-01  2.596E-02  0.000E+00
  379.5000  8.550E-01  7.282E-01  3.685E-01  1.921E-02  0.000E+00
  380.5000  1.028E+00  8.756E-01  4.435E-01  2.312E-02  0.000E+00
  381.5000  9.656E-01  8.227E-01  4.170E-01  2.173E-02  0.000E+00
  382.5000  6.432E-01  5.481E-01  2.780E-01  1.449E-02  0.000E+00
  383.5000  5.646E-01  4.813E-01  2.443E-01  1.273E-02  0.000E+00
  384.5000  8.471E-01  7.222E-01  3.668E-01  1.911E-02  0.000E+00
  385.5000  8.378E-01  7.144E-01  3.632E-01  1.891E-02  0.000E+00
  386.5000  8.538E-01  7.281E-01  3.704E-01  1.929E-02  0.000E+00
  387.5000  7.932E-01  6.766E-01  3.445E-01  1.793E-02  0.000E+00
  388.5000  7.948E-01  6.781E-01  3.455E-01  1.798E-02  0.000E+00
  389.5000  1.002E+00  8.551E-01  4.359E-01  2.268E-02  0.000E+00
  390.5000  9.840E-01  8.398E-01  4.285E-01  2.229E-02  0.000E+00
  391.5000  1.167E+00  9.962E-01  5.086E-01  2.646E-02  0.000E+00
  392.5000  8.749E-01  7.470E-01  3.816E-01  1.985E-02  0.000E+00
  393.5000  3.803E-01  3.247E-01  1.660E-01  8.632E-03  0.000E+00
  394.5000  8.946E-01  7.640E-01  3.909E-01  2.032E-02  0.000E+00
  395.5000  1.151E+00  9.830E-01  5.032E-01  2.615E-02  0.000E+00
  396.5000  6.755E-01  5.772E-01  2.957E-01  1.536E-02  0.000E+00
  397.5000  7.793E-01  6.660E-01  3.414E-01  1.774E-02  0.000E+00
  398.5000  1.339E+00  1.144E+00  5.870E-01  3.049E-02  0.000E+00
  399.5000  1.392E+00  1.190E+00  6.110E-01  3.173E-02  0.000E+00
  400.5000  1.463E+00  1.251E+00  6.427E-01  3.337E-02  0.000E+00
  401.5000  1.505E+00  1.287E+00  6.617E-01  3.435E-02  0.000E+00
  402.5000  1.562E+00  1.336E+00  6.873E-01  3.567E-02  0.000E+00
  403.5000  1.430E+00  1.223E+00  6.295E-01  3.266E-02  0.000E+00
  404.5000  1.402E+00  1.199E+00  6.178E-01  3.205E-02  0.000E+00
  405.5000  1.456E+00  1.246E+00  6.422E-01  3.331E-02  0.000E+00
  406.5000  1.371E+00  1.173E+00  6.052E-01  3.138E-02  0.000E+00
  407.5000  1.382E+00  1.183E+00  6.105E-01  3.165E-02  0.000E+00
  408.5000  1.539E+00  1.317E+00  6.803E-01  3.525E-02  0.000E+00
  409.5000  1.508E+00  1.291E+00  6.673E-01  3.457E-02  0.000E+00
  410.5000  1.308E+00  1.120E+00  5.791E-01  2.999E-02  0.000E+00
  411.5000  1.572E+00  1.346E+00  6.964E-01  3.606E-02  0.000E+00
  412.5000  1.557E+00  1.334E+00  6.907E-01  3.577E-02  0.000E+00
  413.5000  1.510E+00  1.294E+00  6.703E-01  3.471E-02  0.000E+00
  414.5000  1.552E+00  1.330E+00  6.893E-01  3.568E-02  0.000E+00
  415.5000  1.484E+00  1.272E+00  6.597E-01  3.414E-02  0.000E+00
  416.5000  1.615E+00  1.384E+00  7.184E-01  3.716E-02  0.000E+00
  417.5000  1.476E+00  1.265E+00  6.571E-01  3.397E-02  0.000E+00
  418.5000  1.487E+00  1.275E+00  6.626E-01  3.426E-02  0.000E+00
  419.5000  1.536E+00  1.317E+00  6.849E-01  3.540E-02  0.000E+00
------------------------------------------------------------
Dose rates, W m-2
   1 = UV-B, 280-315 nm                                  
   2 = UV-A, 315-400 nm                                  
   3 = Gaussian, 320 nm, 10 nm FWHM                      
   4 = RB Meter, model 501                               
   5 = DNA damage, in vitro (Setlow, 1974)               
   6 = UV index (WMO, 1994; Webb et al., 2011)           
   7 = Previtamin-D3 (CIE 2006)                          
values at z =      0.000 km
Columns: time, sza, weighting spectra
time, hrs.  sza, deg.          1          2          3          4          5          6          7
   12.0000      1.829  2.115E+00  6.472E+01  4.147E-01  6.248E-01  7.254E-03  1.192E+01  5.945E-01
   14.0000     28.200  1.581E+00  5.477E+01  3.395E-01  4.562E-01  4.648E-03  8.574E+00  4.194E-01
   16.0000     58.205  4.454E-01  2.705E+01  1.440E-01  1.239E-01  7.892E-04  2.340E+00  9.395E-02
   18.0000     88.211  3.117E-03  1.323E+00  3.209E-03  1.414E-03  6.754E-06  4.261E-02  6.051E-04
   20.0000    118.216  0.000E+00  0.000E+00  0.000E+00  0.000E+00  0.000E+00  0.000E+00  0.000E+00
------------------------------------------------------------
